2000 2000
1 2 -3663
2 3 -1974
3 4 -71
4 5 -1736
5 6 2893
6 7 9887
7 8 1339
8 9 4905
9 10 -5243
10 11 2536
11 12 -7064
12 13 9700
13 14 1223
14 15 -1461
15 16 1778
16 17 7993
17 18 9925
18 19 1201
19 20 -3270
20 21 2191
21 22 -898
22 23 7914
23 24 -9358
24 25 -5907
25 26 383
26 27 -2586
27 28 -3264
28 29 8164
29 30 9630
30 31 3746
31 32 -3003
32 33 -7584
33 34 4321
34 35 6655
35 36 -1214
36 37 7482
37 38 -3260
38 39 -7874
39 40 9389
40 41 9485
41 42 -1713
42 43 85
43 44 -1795
44 45 -7425
45 46 -9812
46 47 -2441
47 48 -4976
48 49 -8428
49 50 -3064
50 51 -1935
51 52 3262
52 53 -5276
53 54 6669
54 55 9485
55 56 -594
56 57 4505
57 58 4007
58 59 5000
59 60 -7980
60 61 -9000
61 62 4828
62 63 -4709
63 64 7280
64 65 2321
65 66 2760
66 67 2553
67 68 2855
68 69 -2221
69 70 -5344
70 71 -2228
71 72 -6838
72 73 -9477
73 74 -5935
74 75 9535
75 76 5719
76 77 -2294
77 78 -5844
78 79 2401
79 80 -1369
80 81 -7133
81 82 5694
82 83 9992
83 84 -5167
84 85 3789
85 86 -4261
86 87 -4853
87 88 8652
88 89 9251
89 90 1138
90 91 -8875
91 92 -8844
92 93 8281
93 94 -9874
94 95 1172
95 96 -705
96 97 -7293
97 98 -420
98 99 -7309
99 100 859
100 101 5478
101 102 8513
102 103 3511
103 104 -6096
104 105 6296
105 106 -8223
106 107 -7695
107 108 108
108 109 -5664
109 110 -503
110 111 -700
111 112 5016
112 113 -2292
113 114 4297
114 115 -4881
115 116 9059
116 117 3134
117 118 2540
118 119 -2227
119 120 -9544
120 121 7082
121 122 -1509
122 123 -6302
123 124 -8050
124 125 -8012
125 126 927
126 127 8790
127 128 4427
128 129 215
129 130 -26
130 131 -705
131 132 8399
132 133 -1086
133 134 3634
134 135 -4075
135 136 1637
136 137 -9273
137 138 -3001
138 139 1811
139 140 3449
140 141 -9169
141 142 2316
142 143 8551
143 144 5299
144 145 8429
145 146 1812
146 147 2708
147 148 2045
148 149 5676
149 150 4320
150 151 1187
151 152 1897
152 153 6193
153 154 4714
154 155 2649
155 156 3051
156 157 4511
157 158 8238
158 159 -644
159 160 4856
160 161 -9395
161 162 9487
162 163 -6713
163 164 -5521
164 165 -6151
165 166 7396
166 167 -5076
167 168 3489
168 169 726
169 170 -8084
170 171 -3832
171 172 -459
172 173 8223
173 174 5013
174 175 3647
175 176 3066
176 177 480
177 178 3349
178 179 -1103
179 180 -2567
180 181 9439
181 182 -3626
182 183 -5351
183 184 -2890
184 185 -1518
185 186 5490
186 187 7919
187 188 -3216
188 189 7737
189 190 5999
190 191 8299
191 192 2534
192 193 9204
193 194 -6988
194 195 -9068
195 196 7171
196 197 2727
197 198 6327
198 199 1086
199 200 5468
200 201 -3680
201 202 5005
202 203 864
203 204 4777
204 205 -6654
205 206 6672
206 207 6724
207 208 -4973
208 209 -5046
209 210 705
210 211 -9890
211 212 -7359
212 213 1052
213 214 -2028
214 215 1968
215 216 -2550
216 217 -1584
217 218 -5977
218 219 -3388
219 220 -5249
220 221 -6176
221 222 -3142
222 223 1216
223 224 -7326
224 225 2328
225 226 -4304
226 227 -3537
227 228 8409
228 229 -6989
229 230 -4401
230 231 -9193
231 232 4222
232 233 -8673
233 234 2379
234 235 -5287
235 236 -8951
236 237 6211
237 238 2214
238 239 -1757
239 240 9976
240 241 3545
241 242 -7747
242 243 5
243 244 8136
244 245 -9214
245 246 -4535
246 247 -7201
247 248 7922
248 249 -7952
249 250 7149
250 251 -2291
251 252 -8308
252 253 -1168
253 254 8715
254 255 -8824
255 256 -8976
256 257 -4422
257 258 3427
258 259 924
259 260 -3278
260 261 856
261 262 5891
262 263 -2021
263 264 9901
264 265 6207
265 266 8858
266 267 897
267 268 -2679
268 269 -226
269 270 1256
270 271 1402
271 272 -654
272 273 -5558
273 274 -2522
274 275 -7376
275 276 1686
276 277 -9840
277 278 2571
278 279 796
279 280 8232
280 281 -3342
281 282 -1176
282 283 -6842
283 284 1530
284 285 -1013
285 286 1315
286 287 168
287 288 1418
288 289 -8532
289 290 -5418
290 291 -8202
291 292 -6767
292 293 330
293 294 6392
294 295 3740
295 296 4939
296 297 -2293
297 298 -8584
298 299 9335
299 300 6726
300 301 -1135
301 302 3977
302 303 6436
303 304 225
304 305 -8025
305 306 257
306 307 -2470
307 308 -4219
308 309 -2332
309 310 -9462
310 311 99
311 312 4143
312 313 98
313 314 -2238
314 315 -6485
315 316 9998
316 317 -5761
317 318 200
318 319 -6493
319 320 567
320 321 -7340
321 322 2642
322 323 7362
323 324 7203
324 325 9518
325 326 6163
326 327 8802
327 328 7019
328 329 4121
329 330 -212
330 331 9416
331 332 -2425
332 333 1856
333 334 -7567
334 335 -1954
335 336 -9064
336 337 4647
337 338 1506
338 339 336
339 340 -7605
340 341 -3697
341 342 -7553
342 343 -772
343 344 1935
344 345 -3473
345 346 -6185
346 347 1281
347 348 -6231
348 349 -2329
349 350 7872
350 351 -2928
351 352 8977
352 353 5264
353 354 5205
354 355 -1346
355 356 -1205
356 357 -2577
357 358 -7103
358 359 -9596
359 360 9915
360 361 -1559
361 362 -4136
362 363 -932
363 364 -7360
364 365 -7496
365 366 -3696
366 367 8336
367 368 9515
368 369 -619
369 370 -7060
370 371 -824
371 372 2508
372 373 -3296
373 374 5197
374 375 -4065
375 376 -1219
376 377 5922
377 378 -4443
378 379 518
379 380 2801
380 381 -4594
381 382 -6220
382 383 -2164
383 384 -5953
384 385 -993
385 386 3607
386 387 8283
387 388 -6500
388 389 -6487
389 390 -3928
390 391 -2631
391 392 1046
392 393 -5083
393 394 5786
394 395 -9753
395 396 -6893
396 397 4481
397 398 4378
398 399 -1080
399 400 -9301
400 401 -6271
401 402 -2995
402 403 568
403 404 -8577
404 405 3433
405 406 -3194
406 407 9479
407 408 -976
408 409 4302
409 410 -2552
410 411 4916
411 412 -3951
412 413 6870
413 414 -3251
414 415 -4642
415 416 2833
416 417 -6621
417 418 -1758
418 419 5553
419 420 -9968
420 421 11
421 422 -8430
422 423 6598
423 424 3800
424 425 737
425 426 3779
426 427 -9478
427 428 55
428 429 -8576
429 430 9113
430 431 -1263
431 432 -6884
432 433 -5410
433 434 3996
434 435 3385
435 436 -3061
436 437 -1512
437 438 -9230
438 439 413
439 440 -1710
440 441 -3225
441 442 -141
442 443 -2070
443 444 -9696
444 445 -880
445 446 662
446 447 -512
447 448 -6802
448 449 -8652
449 450 -6570
450 451 6720
451 452 -4328
452 453 6816
453 454 -7877
454 455 941
455 456 8271
456 457 1636
457 458 2452
458 459 -7584
459 460 -2995
460 461 -2394
461 462 1504
462 463 7685
463 464 3808
464 465 7826
465 466 -1926
466 467 2382
467 468 9570
468 469 1076
469 470 -6873
470 471 -9969
471 472 -2879
472 473 -3260
473 474 4794
474 475 8911
475 476 -4241
476 477 6237
477 478 1481
478 479 -2345
479 480 3795
480 481 5510
481 482 4929
482 483 -9213
483 484 -3480
484 485 -3467
485 486 -5954
486 487 -8343
487 488 4655
488 489 2011
489 490 -9305
490 491 6783
491 492 -8396
492 493 1938
493 494 7951
494 495 1595
495 496 -2834
496 497 3448
497 498 6915
498 499 2534
499 500 4249
500 501 5680
501 502 5801
502 503 6877
503 504 -3584
504 505 -8733
505 506 -1639
506 507 -9749
507 508 7045
508 509 2312
509 510 4481
510 511 3433
511 512 -6569
512 513 -8351
513 514 8786
514 515 -7735
515 516 9257
516 517 7398
517 518 8081
518 519 7023
519 520 9873
520 521 9640
521 522 4094
522 523 9152
523 524 9214
524 525 6057
525 526 1458
526 527 -7428
527 528 6275
528 529 5311
529 530 1026
530 531 147
531 532 5753
532 533 -6512
533 534 -3719
534 535 8288
535 536 7943
536 537 -6138
537 538 4482
538 539 -4985
539 540 -6452
540 541 9711
541 542 1276
542 543 -6504
543 544 -1055
544 545 -7895
545 546 -2916
546 547 6727
547 548 9263
548 549 -7402
549 550 -3722
550 551 6284
551 552 -2097
552 553 603
553 554 9512
554 555 5675
555 556 8763
556 557 -7328
557 558 -362
558 559 -9012
559 560 -7027
560 561 -3336
561 562 -1456
562 563 -7481
563 564 4660
564 565 2266
565 566 -2798
566 567 2706
567 568 1188
568 569 -2802
569 570 8699
570 571 6252
571 572 2275
572 573 -7758
573 574 4789
574 575 -9962
575 576 3371
576 577 -9769
577 578 5020
578 579 8341
579 580 -8190
580 581 -3577
581 582 -3439
582 583 -1966
583 584 1493
584 585 -8067
585 586 9529
586 587 -590
587 588 3887
588 589 -5439
589 590 -7828
590 591 -2159
591 592 -4396
592 593 -878
593 594 6939
594 595 -1670
595 596 -5926
596 597 1678
597 598 -9249
598 599 9849
599 600 7769
600 601 4487
601 602 6399
602 603 -4359
603 604 -6087
604 605 -1453
605 606 -8776
606 607 4058
607 608 -8158
608 609 -9908
609 610 -8485
610 611 4322
611 612 8674
612 613 -1812
613 614 8284
614 615 978
615 616 -5338
616 617 138
617 618 8849
618 619 -5407
619 620 8583
620 621 -206
621 622 7384
622 623 -4653
623 624 8827
624 625 2177
625 626 6021
626 627 8218
627 628 3659
628 629 -8009
629 630 -9815
630 631 -3539
631 632 -5935
632 633 4802
633 634 9452
634 635 -5642
635 636 -8143
636 637 1050
637 638 -7011
638 639 -173
639 640 -1230
640 641 1041
641 642 2538
642 643 1231
643 644 -8916
644 645 -5763
645 646 1312
646 647 4829
647 648 -8786
648 649 -1576
649 650 8768
650 651 -3473
651 652 3423
652 653 9837
653 654 -3972
654 655 3837
655 656 4078
656 657 -3822
657 658 7924
658 659 5778
659 660 -3560
660 661 -287
661 662 -2950
662 663 7387
663 664 3111
664 665 1065
665 666 -2451
666 667 7655
667 668 7154
668 669 -8200
669 670 4485
670 671 3831
671 672 -1415
672 673 2377
673 674 995
674 675 -6673
675 676 -4155
676 677 -6506
677 678 -2807
678 679 9810
679 680 4862
680 681 1290
681 682 -7813
682 683 4062
683 684 -3454
684 685 -6432
685 686 6676
686 687 833
687 688 7687
688 689 3687
689 690 -815
690 691 2755
691 692 -7924
692 693 -8164
693 694 -460
694 695 8746
695 696 -4058
696 697 -1590
697 698 -4407
698 699 -3074
699 700 -7983
700 701 2581
701 702 8509
702 703 8576
703 704 -6665
704 705 -2112
705 706 7329
706 707 -7105
707 708 -5079
708 709 -4669
709 710 2738
710 711 7828
711 712 2744
712 713 -448
713 714 -2051
714 715 467
715 716 5083
716 717 -1771
717 718 9744
718 719 -9074
719 720 -5285
720 721 3530
721 722 6121
722 723 2590
723 724 1978
724 725 -4356
725 726 8236
726 727 1704
727 728 3989
728 729 9946
729 730 -1308
730 731 -6598
731 732 -604
732 733 5246
733 734 -7382
734 735 5831
735 736 -4338
736 737 -7256
737 738 -5301
738 739 8704
739 740 3911
740 741 -7411
741 742 -765
742 743 9509
743 744 -2910
744 745 -5398
745 746 -1645
746 747 3580
747 748 551
748 749 -5033
749 750 -7895
750 751 845
751 752 3573
752 753 -286
753 754 7262
754 755 -9063
755 756 4426
756 757 7353
757 758 6291
758 759 2718
759 760 8438
760 761 -8956
761 762 2557
762 763 3052
763 764 5423
764 765 -5314
765 766 -3887
766 767 6629
767 768 6423
768 769 5409
769 770 -182
770 771 -871
771 772 -9440
772 773 -2755
773 774 -3293
774 775 6281
775 776 5645
776 777 -616
777 778 3475
778 779 -7531
779 780 4244
780 781 8590
781 782 -7808
782 783 -3812
783 784 6697
784 785 2452
785 786 8688
786 787 9536
787 788 -7414
788 789 -2911
789 790 9918
790 791 4912
791 792 6258
792 793 1402
793 794 9169
794 795 3898
795 796 -2160
796 797 4336
797 798 5464
798 799 -350
799 800 -5923
800 801 -1065
801 802 -3997
802 803 7411
803 804 1280
804 805 831
805 806 6488
806 807 6477
807 808 -4141
808 809 -2425
809 810 647
810 811 8399
811 812 9391
812 813 -5232
813 814 112
814 815 -7619
815 816 -6319
816 817 5715
817 818 -6991
818 819 -6503
819 820 2534
820 821 451
821 822 -9576
822 823 8416
823 824 -1317
824 825 9784
825 826 5588
826 827 2423
827 828 -7807
828 829 3706
829 830 1382
830 831 1825
831 832 5859
832 833 2802
833 834 9575
834 835 -4261
835 836 9906
836 837 -1972
837 838 7824
838 839 -2840
839 840 3218
840 841 -4252
841 842 -1458
842 843 4456
843 844 -4959
844 845 9422
845 846 -7922
846 847 -8315
847 848 -4073
848 849 -2330
849 850 7975
850 851 6613
851 852 -136
852 853 2612
853 854 -5480
854 855 -467
855 856 -8175
856 857 -8570
857 858 7782
858 859 6137
859 860 -1140
860 861 6439
861 862 2504
862 863 7943
863 864 2557
864 865 -7128
865 866 -4299
866 867 2349
867 868 -810
868 869 -7495
869 870 4377
870 871 2922
871 872 3632
872 873 9905
873 874 239
874 875 8632
875 876 6115
876 877 678
877 878 4427
878 879 267
879 880 -1098
880 881 -8026
881 882 4419
882 883 -3214
883 884 -3296
884 885 -4114
885 886 2746
886 887 9396
887 888 -2906
888 889 9080
889 890 -3787
890 891 -3454
891 892 7659
892 893 8597
893 894 -2269
894 895 -1334
895 896 -4473
896 897 140
897 898 -4023
898 899 6573
899 900 3967
900 901 -7197
901 902 -4027
902 903 7869
903 904 9211
904 905 6742
905 906 -3542
906 907 -3727
907 908 -5707
908 909 449
909 910 -3719
910 911 -3721
911 912 -9876
912 913 134
913 914 160
914 915 2082
915 916 2356
916 917 -2279
917 918 -4925
918 919 6316
919 920 4146
920 921 -9213
921 922 7417
922 923 5832
923 924 -4145
924 925 -9498
925 926 3476
926 927 7737
927 928 7205
928 929 510
929 930 -5544
930 931 -439
931 932 -1014
932 933 8431
933 934 -3180
934 935 -9047
935 936 4677
936 937 6965
937 938 8849
938 939 6453
939 940 3962
940 941 9982
941 942 7421
942 943 -6890
943 944 -9050
944 945 -9870
945 946 7283
946 947 -4850
947 948 1115
948 949 5222
949 950 4122
950 951 7675
951 952 -4355
952 953 -8108
953 954 7393
954 955 -85
955 956 5095
956 957 -6391
957 958 1634
958 959 3381
959 960 504
960 961 -7339
961 962 -3949
962 963 -8902
963 964 8353
964 965 -8741
965 966 820
966 967 -9048
967 968 -9758
968 969 4063
969 970 -5873
970 971 -3338
971 972 -2566
972 973 -2512
973 974 9532
974 975 9426
975 976 -3835
976 977 7749
977 978 -1466
978 979 3151
979 980 -6911
980 981 -1858
981 982 -8666
982 983 -4779
983 984 3327
984 985 -1196
985 986 5908
986 987 3066
987 988 2174
988 989 9177
989 990 -7238
990 991 -656
991 992 1575
992 993 -327
993 994 -1205
994 995 -2639
995 996 -6199
996 997 -3850
997 998 2960
998 999 -26
999 1000 -7447
1000 1001 9838
1001 1002 7233
1002 1003 -1458
1003 1004 1865
1004 1005 7449
1005 1006 2845
1006 1007 -8397
1007 1008 4305
1008 1009 6611
1009 1010 2829
1010 1011 -7852
1011 1012 -5830
1012 1013 5126
1013 1014 2170
1014 1015 5377
1015 1016 -3251
1016 1017 5027
1017 1018 -1329
1018 1019 -4078
1019 1020 -8218
1020 1021 4932
1021 1022 -7412
1022 1023 5877
1023 1024 9978
1024 1025 2314
1025 1026 6018
1026 1027 -7667
1027 1028 5401
1028 1029 1050
1029 1030 3190
1030 1031 7153
1031 1032 -9245
1032 1033 -5688
1033 1034 371
1034 1035 6027
1035 1036 -4664
1036 1037 -6606
1037 1038 -4298
1038 1039 -9334
1039 1040 -961
1040 1041 147
1041 1042 -3648
1042 1043 7037
1043 1044 -2476
1044 1045 416
1045 1046 -7079
1046 1047 3929
1047 1048 2931
1048 1049 8294
1049 1050 6942
1050 1051 4797
1051 1052 7484
1052 1053 -8782
1053 1054 5614
1054 1055 -619
1055 1056 4403
1056 1057 -4492
1057 1058 3193
1058 1059 -9299
1059 1060 136
1060 1061 5423
1061 1062 2559
1062 1063 -7112
1063 1064 -4798
1064 1065 964
1065 1066 2851
1066 1067 -7774
1067 1068 -6521
1068 1069 3467
1069 1070 -1593
1070 1071 7234
1071 1072 5994
1072 1073 6278
1073 1074 -2857
1074 1075 4020
1075 1076 6284
1076 1077 -2548
1077 1078 -6753
1078 1079 8227
1079 1080 8327
1080 1081 3394
1081 1082 5818
1082 1083 -4683
1083 1084 3345
1084 1085 -6409
1085 1086 -1761
1086 1087 -1636
1087 1088 8578
1088 1089 8673
1089 1090 7599
1090 1091 -9717
1091 1092 1644
1092 1093 -5346
1093 1094 5378
1094 1095 -8464
1095 1096 -8828
1096 1097 -4713
1097 1098 5726
1098 1099 1326
1099 1100 5188
1100 1101 -8941
1101 1102 -7514
1102 1103 -8591
1103 1104 9278
1104 1105 -7892
1105 1106 -4253
1106 1107 5198
1107 1108 -2780
1108 1109 542
1109 1110 5824
1110 1111 9308
1111 1112 -5248
1112 1113 9969
1113 1114 -4368
1114 1115 -4950
1115 1116 4642
1116 1117 4937
1117 1118 1609
1118 1119 -2491
1119 1120 3757
1120 1121 8561
1121 1122 2189
1122 1123 1541
1123 1124 -8713
1124 1125 -1785
1125 1126 -6981
1126 1127 -4088
1127 1128 -9893
1128 1129 4811
1129 1130 -7478
1130 1131 1015
1131 1132 -3258
1132 1133 -1021
1133 1134 -1552
1134 1135 4671
1135 1136 4366
1136 1137 -4090
1137 1138 -5678
1138 1139 9640
1139 1140 -7840
1140 1141 -8298
1141 1142 -7161
1142 1143 -5626
1143 1144 -7881
1144 1145 6292
1145 1146 -5924
1146 1147 932
1147 1148 -1759
1148 1149 5960
1149 1150 4719
1150 1151 8748
1151 1152 3739
1152 1153 -9223
1153 1154 -1920
1154 1155 -5819
1155 1156 93
1156 1157 316
1157 1158 2718
1158 1159 5860
1159 1160 -5523
1160 1161 -7479
1161 1162 719
1162 1163 6665
1163 1164 7739
1164 1165 2117
1165 1166 7182
1166 1167 -5265
1167 1168 2980
1168 1169 4229
1169 1170 3867
1170 1171 -750
1171 1172 -11
1172 1173 9423
1173 1174 5275
1174 1175 8023
1175 1176 -872
1176 1177 8140
1177 1178 445
1178 1179 -1647
1179 1180 5367
1180 1181 -8931
1181 1182 -6633
1182 1183 -7175
1183 1184 -7358
1184 1185 -1589
1185 1186 9459
1186 1187 -3318
1187 1188 499
1188 1189 3008
1189 1190 6596
1190 1191 5377
1191 1192 5845
1192 1193 7918
1193 1194 6563
1194 1195 7213
1195 1196 -8229
1196 1197 6433
1197 1198 7650
1198 1199 9146
1199 1200 1890
1200 1201 -8410
1201 1202 7519
1202 1203 -4110
1203 1204 -1838
1204 1205 -7701
1205 1206 7449
1206 1207 -1731
1207 1208 8719
1208 1209 2411
1209 1210 4648
1210 1211 -9222
1211 1212 55
1212 1213 -4156
1213 1214 6246
1214 1215 9391
1215 1216 9045
1216 1217 226
1217 1218 -5884
1218 1219 4336
1219 1220 -3208
1220 1221 -8245
1221 1222 3322
1222 1223 2554
1223 1224 3915
1224 1225 -5111
1225 1226 6304
1226 1227 7069
1227 1228 -6068
1228 1229 -148
1229 1230 -5226
1230 1231 4428
1231 1232 -8176
1232 1233 -1674
1233 1234 -2747
1234 1235 -9153
1235 1236 5135
1236 1237 -6661
1237 1238 8955
1238 1239 4936
1239 1240 -4506
1240 1241 3121
1241 1242 1212
1242 1243 -6688
1243 1244 6659
1244 1245 2388
1245 1246 7119
1246 1247 -9797
1247 1248 -9692
1248 1249 8179
1249 1250 8446
1250 1251 9938
1251 1252 2761
1252 1253 261
1253 1254 -8795
1254 1255 -5296
1255 1256 -6461
1256 1257 -7120
1257 1258 -8306
1258 1259 7785
1259 1260 -1607
1260 1261 -3873
1261 1262 8852
1262 1263 -7550
1263 1264 -9678
1264 1265 3868
1265 1266 5137
1266 1267 4722
1267 1268 -1637
1268 1269 -9973
1269 1270 -3711
1270 1271 -5756
1271 1272 9226
1272 1273 7235
1273 1274 -8658
1274 1275 8362
1275 1276 -2889
1276 1277 6748
1277 1278 9451
1278 1279 -2247
1279 1280 -9893
1280 1281 7271
1281 1282 -8082
1282 1283 5423
1283 1284 -7968
1284 1285 -830
1285 1286 -2713
1286 1287 -2421
1287 1288 9956
1288 1289 2336
1289 1290 7482
1290 1291 -9937
1291 1292 -3870
1292 1293 -5277
1293 1294 4580
1294 1295 9970
1295 1296 2509
1296 1297 -5825
1297 1298 -4889
1298 1299 -8169
1299 1300 -4274
1300 1301 -3724
1301 1302 9417
1302 1303 382
1303 1304 6842
1304 1305 6037
1305 1306 1813
1306 1307 -5318
1307 1308 -2733
1308 1309 684
1309 1310 6439
1310 1311 3497
1311 1312 -2429
1312 1313 8198
1313 1314 887
1314 1315 6432
1315 1316 -2496
1316 1317 -930
1317 1318 2851
1318 1319 -6758
1319 1320 -967
1320 1321 4999
1321 1322 -105
1322 1323 9366
1323 1324 7182
1324 1325 -2863
1325 1326 -8339
1326 1327 -180
1327 1328 4186
1328 1329 -7430
1329 1330 -2768
1330 1331 5515
1331 1332 844
1332 1333 8454
1333 1334 5892
1334 1335 -2134
1335 1336 -3613
1336 1337 -4621
1337 1338 8024
1338 1339 -9304
1339 1340 -6748
1340 1341 2163
1341 1342 -5540
1342 1343 -4094
1343 1344 9843
1344 1345 4279
1345 1346 8084
1346 1347 9912
1347 1348 5196
1348 1349 -806
1349 1350 3646
1350 1351 2163
1351 1352 929
1352 1353 -1496
1353 1354 9881
1354 1355 466
1355 1356 6071
1356 1357 -5362
1357 1358 -2303
1358 1359 -5489
1359 1360 -2461
1360 1361 2161
1361 1362 4490
1362 1363 1870
1363 1364 -4
1364 1365 5865
1365 1366 3799
1366 1367 -4157
1367 1368 6284
1368 1369 -711
1369 1370 -6754
1370 1371 1391
1371 1372 -9357
1372 1373 4882
1373 1374 -8867
1374 1375 -6321
1375 1376 3361
1376 1377 -1446
1377 1378 1772
1378 1379 2255
1379 1380 -5634
1380 1381 6718
1381 1382 1046
1382 1383 -7721
1383 1384 -5770
1384 1385 -7700
1385 1386 -9671
1386 1387 -7442
1387 1388 8863
1388 1389 6007
1389 1390 9481
1390 1391 3232
1391 1392 6657
1392 1393 4921
1393 1394 2515
1394 1395 2366
1395 1396 -8236
1396 1397 6778
1397 1398 572
1398 1399 -7595
1399 1400 -8839
1400 1401 -105
1401 1402 -5254
1402 1403 -6617
1403 1404 6739
1404 1405 -429
1405 1406 -5985
1406 1407 -9061
1407 1408 -9904
1408 1409 6225
1409 1410 5096
1410 1411 9595
1411 1412 6568
1412 1413 -3245
1413 1414 8920
1414 1415 -1666
1415 1416 -8959
1416 1417 -6551
1417 1418 -4033
1418 1419 -5824
1419 1420 3831
1420 1421 9458
1421 1422 3018
1422 1423 7760
1423 1424 -7548
1424 1425 -2004
1425 1426 -3761
1426 1427 4232
1427 1428 -9386
1428 1429 -4848
1429 1430 -2187
1430 1431 3058
1431 1432 -4396
1432 1433 -3844
1433 1434 -4403
1434 1435 5929
1435 1436 -2783
1436 1437 -6156
1437 1438 -306
1438 1439 6570
1439 1440 111
1440 1441 4881
1441 1442 -2874
1442 1443 102
1443 1444 -9335
1444 1445 -6080
1445 1446 7753
1446 1447 -5411
1447 1448 -6914
1448 1449 6438
1449 1450 4510
1450 1451 -1672
1451 1452 7155
1452 1453 -4057
1453 1454 2699
1454 1455 -6450
1455 1456 -4915
1456 1457 -5583
1457 1458 -8189
1458 1459 876
1459 1460 -8722
1460 1461 -4957
1461 1462 -9419
1462 1463 5352
1463 1464 6088
1464 1465 -1638
1465 1466 3318
1466 1467 5338
1467 1468 3445
1468 1469 -2269
1469 1470 4982
1470 1471 -5555
1471 1472 -2902
1472 1473 -4601
1473 1474 -6321
1474 1475 -1000
1475 1476 2891
1476 1477 3839
1477 1478 -3563
1478 1479 -4688
1479 1480 5972
1480 1481 5243
1481 1482 -6729
1482 1483 -4341
1483 1484 2311
1484 1485 1100
1485 1486 -9983
1486 1487 -4193
1487 1488 6950
1488 1489 8190
1489 1490 4487
1490 1491 3830
1491 1492 4176
1492 1493 1610
1493 1494 -8214
1494 1495 -7051
1495 1496 -966
1496 1497 -3529
1497 1498 -875
1498 1499 4679
1499 1500 -8796
1500 1501 162
1501 1502 6925
1502 1503 9194
1503 1504 -3384
1504 1505 -4543
1505 1506 -4940
1506 1507 3454
1507 1508 2871
1508 1509 -8902
1509 1510 -1266
1510 1511 8542
1511 1512 3346
1512 1513 2478
1513 1514 -1569
1514 1515 7966
1515 1516 8382
1516 1517 -2935
1517 1518 -6424
1518 1519 7177
1519 1520 -8671
1520 1521 -7596
1521 1522 -5608
1522 1523 6541
1523 1524 3200
1524 1525 -81
1525 1526 -7306
1526 1527 6135
1527 1528 -6348
1528 1529 3537
1529 1530 -584
1530 1531 -4629
1531 1532 -8952
1532 1533 1396
1533 1534 9948
1534 1535 -9124
1535 1536 -9758
1536 1537 -9966
1537 1538 -7631
1538 1539 8174
1539 1540 -7385
1540 1541 6831
1541 1542 -6620
1542 1543 9114
1543 1544 -8138
1544 1545 1196
1545 1546 -8221
1546 1547 -7045
1547 1548 3762
1548 1549 7227
1549 1550 404
1550 1551 -6304
1551 1552 -8044
1552 1553 -1527
1553 1554 -5730
1554 1555 9035
1555 1556 -5831
1556 1557 8745
1557 1558 -4136
1558 1559 -7694
1559 1560 -9267
1560 1561 -479
1561 1562 -2810
1562 1563 3582
1563 1564 -6919
1564 1565 -8722
1565 1566 6444
1566 1567 880
1567 1568 -6954
1568 1569 2799
1569 1570 2169
1570 1571 8801
1571 1572 7880
1572 1573 2715
1573 1574 7040
1574 1575 -4696
1575 1576 7211
1576 1577 7112
1577 1578 -1482
1578 1579 -4659
1579 1580 7407
1580 1581 -3362
1581 1582 9353
1582 1583 6334
1583 1584 -5234
1584 1585 -6673
1585 1586 9896
1586 1587 -5787
1587 1588 -6387
1588 1589 6817
1589 1590 3933
1590 1591 2114
1591 1592 -4468
1592 1593 -2925
1593 1594 3531
1594 1595 -2562
1595 1596 6655
1596 1597 -4318
1597 1598 -888
1598 1599 -2046
1599 1600 3984
1600 1601 4877
1601 1602 -3194
1602 1603 1371
1603 1604 6163
1604 1605 -9054
1605 1606 863
1606 1607 -8831
1607 1608 -1358
1608 1609 -1224
1609 1610 6271
1610 1611 -8957
1611 1612 3480
1612 1613 1616
1613 1614 6582
1614 1615 7763
1615 1616 -8478
1616 1617 7652
1617 1618 2217
1618 1619 -2879
1619 1620 -8452
1620 1621 518
1621 1622 -7424
1622 1623 2281
1623 1624 8435
1624 1625 9723
1625 1626 -2947
1626 1627 1132
1627 1628 -310
1628 1629 -3787
1629 1630 7959
1630 1631 1445
1631 1632 305
1632 1633 -9524
1633 1634 -6756
1634 1635 3225
1635 1636 9172
1636 1637 2248
1637 1638 -9498
1638 1639 2195
1639 1640 -8636
1640 1641 744
1641 1642 1551
1642 1643 8572
1643 1644 -188
1644 1645 -5759
1645 1646 -5115
1646 1647 -1362
1647 1648 6533
1648 1649 -6829
1649 1650 -1243
1650 1651 6089
1651 1652 -7164
1652 1653 -8303
1653 1654 5347
1654 1655 -4050
1655 1656 8081
1656 1657 8045
1657 1658 9704
1658 1659 -5949
1659 1660 2192
1660 1661 5615
1661 1662 -3791
1662 1663 -2265
1663 1664 9259
1664 1665 407
1665 1666 -1949
1666 1667 1390
1667 1668 -9341
1668 1669 -9486
1669 1670 -566
1670 1671 7515
1671 1672 9966
1672 1673 -1809
1673 1674 -5026
1674 1675 1569
1675 1676 6913
1676 1677 -2620
1677 1678 7523
1678 1679 -3374
1679 1680 -2084
1680 1681 -7372
1681 1682 -5057
1682 1683 -4418
1683 1684 -2608
1684 1685 -2878
1685 1686 1986
1686 1687 -6661
1687 1688 6634
1688 1689 -1598
1689 1690 -10
1690 1691 -2423
1691 1692 8665
1692 1693 6995
1693 1694 -7268
1694 1695 -8528
1695 1696 -401
1696 1697 -6357
1697 1698 9358
1698 1699 4750
1699 1700 1116
1700 1701 4519
1701 1702 9323
1702 1703 9122
1703 1704 5084
1704 1705 -4115
1705 1706 9882
1706 1707 743
1707 1708 -5620
1708 1709 236
1709 1710 -997
1710 1711 -188
1711 1712 1986
1712 1713 570
1713 1714 -3538
1714 1715 -1587
1715 1716 -3272
1716 1717 -6047
1717 1718 6901
1718 1719 3713
1719 1720 -389
1720 1721 2278
1721 1722 -7004
1722 1723 8734
1723 1724 8851
1724 1725 6585
1725 1726 4511
1726 1727 6484
1727 1728 -2912
1728 1729 -877
1729 1730 -5179
1730 1731 -9469
1731 1732 -175
1732 1733 -9872
1733 1734 -129
1734 1735 -8452
1735 1736 -7630
1736 1737 8132
1737 1738 -2640
1738 1739 -761
1739 1740 -6415
1740 1741 -8691
1741 1742 9446
1742 1743 3666
1743 1744 -1743
1744 1745 593
1745 1746 6545
1746 1747 8910
1747 1748 7908
1748 1749 -428
1749 1750 67
1750 1751 -2100
1751 1752 8693
1752 1753 -8379
1753 1754 -3895
1754 1755 2987
1755 1756 9677
1756 1757 4093
1757 1758 5597
1758 1759 -3294
1759 1760 965
1760 1761 -5351
1761 1762 -7057
1762 1763 -2371
1763 1764 -6815
1764 1765 -7784
1765 1766 -1923
1766 1767 1487
1767 1768 -5317
1768 1769 720
1769 1770 3000
1770 1771 -4308
1771 1772 5489
1772 1773 -7071
1773 1774 5924
1774 1775 -3795
1775 1776 -7730
1776 1777 -3537
1777 1778 -7500
1778 1779 2680
1779 1780 -8196
1780 1781 2865
1781 1782 6121
1782 1783 5041
1783 1784 -6771
1784 1785 -5224
1785 1786 9132
1786 1787 -6716
1787 1788 5059
1788 1789 -4120
1789 1790 9327
1790 1791 -4652
1791 1792 -7454
1792 1793 9663
1793 1794 -960
1794 1795 -5498
1795 1796 -8948
1796 1797 5328
1797 1798 7454
1798 1799 -3265
1799 1800 3396
1800 1801 2652
1801 1802 -773
1802 1803 9686
1803 1804 9022
1804 1805 -5293
1805 1806 1580
1806 1807 -4838
1807 1808 -9544
1808 1809 488
1809 1810 5823
1810 1811 -7263
1811 1812 5876
1812 1813 4887
1813 1814 1198
1814 1815 -4425
1815 1816 -2133
1816 1817 9533
1817 1818 4756
1818 1819 -6499
1819 1820 4043
1820 1821 4880
1821 1822 -2633
1822 1823 -8561
1823 1824 -9430
1824 1825 -6614
1825 1826 -4088
1826 1827 4105
1827 1828 -5469
1828 1829 -4964
1829 1830 603
1830 1831 8546
1831 1832 6041
1832 1833 -2186
1833 1834 -3639
1834 1835 -6903
1835 1836 -4822
1836 1837 5735
1837 1838 79
1838 1839 6974
1839 1840 1158
1840 1841 7476
1841 1842 8882
1842 1843 -2614
1843 1844 8900
1844 1845 2132
1845 1846 -7515
1846 1847 -4004
1847 1848 2292
1848 1849 -6723
1849 1850 2370
1850 1851 6095
1851 1852 367
1852 1853 -2927
1853 1854 2812
1854 1855 -7879
1855 1856 5221
1856 1857 -542
1857 1858 5775
1858 1859 -1786
1859 1860 -5292
1860 1861 -2653
1861 1862 -8630
1862 1863 2332
1863 1864 -4988
1864 1865 -579
1865 1866 -3592
1866 1867 -441
1867 1868 6183
1868 1869 7003
1869 1870 -5767
1870 1871 9481
1871 1872 9411
1872 1873 -2503
1873 1874 9102
1874 1875 5921
1875 1876 -7381
1876 1877 -4852
1877 1878 -9339
1878 1879 -2156
1879 1880 4760
1880 1881 6068
1881 1882 -516
1882 1883 7895
1883 1884 -5079
1884 1885 -1541
1885 1886 -126
1886 1887 8979
1887 1888 -1598
1888 1889 -8821
1889 1890 4490
1890 1891 2296
1891 1892 -337
1892 1893 3173
1893 1894 -1651
1894 1895 4664
1895 1896 6605
1896 1897 1657
1897 1898 -1762
1898 1899 -8901
1899 1900 7887
1900 1901 9121
1901 1902 3317
1902 1903 4823
1903 1904 3722
1904 1905 -4227
1905 1906 6221
1906 1907 8833
1907 1908 -9544
1908 1909 -9588
1909 1910 3443
1910 1911 6485
1911 1912 -8414
1912 1913 -5038
1913 1914 -6031
1914 1915 -7880
1915 1916 -6620
1916 1917 9879
1917 1918 -1802
1918 1919 -6185
1919 1920 1844
1920 1921 7029
1921 1922 -1509
1922 1923 -234
1923 1924 -2184
1924 1925 -4271
1925 1926 7383
1926 1927 5301
1927 1928 7458
1928 1929 -1867
1929 1930 -7411
1930 1931 -5720
1931 1932 6677
1932 1933 4630
1933 1934 5639
1934 1935 8790
1935 1936 -3738
1936 1937 -8908
1937 1938 -4979
1938 1939 -6477
1939 1940 -6955
1940 1941 -6071
1941 1942 3227
1942 1943 -6719
1943 1944 6287
1944 1945 -6956
1945 1946 -3864
1946 1947 -9159
1947 1948 -5544
1948 1949 -3781
1949 1950 -6218
1950 1951 6405
1951 1952 -7031
1952 1953 -1197
1953 1954 -6024
1954 1955 5081
1955 1956 7027
1956 1957 -8018
1957 1958 -1700
1958 1959 -2013
1959 1960 9968
1960 1961 6926
1961 1962 3693
1962 1963 1308
1963 1964 -3629
1964 1965 -3039
1965 1966 9250
1966 1967 74
1967 1968 4337
1968 1969 -7761
1969 1970 -3416
1970 1971 4783
1971 1972 2401
1972 1973 471
1973 1974 7622
1974 1975 9059
1975 1976 -996
1976 1977 -552
1977 1978 3451
1978 1979 8391
1979 1980 -3940
1980 1981 3981
1981 1982 -4163
1982 1983 -1821
1983 1984 6346
1984 1985 6254
1985 1986 3915
1986 1987 -2488
1987 1988 4410
1988 1989 -7308
1989 1990 -4
1990 1991 -1308
1991 1992 -5910
1992 1993 -9889
1993 1994 2055
1994 1995 -8245
1995 1996 -1135
1996 1997 -9443
1997 1998 -8456
1998 1999 -8822
1999 2000 8281
2000 1 -4032