200
774 101
-240 -646
538 -776
-853 -605
737 -132
684 -21
558 219
500 -808
-793 636
-903 294
363 581
-891 274
-109 -607
-667 799
170 -918
-611 439
-299 -589
163 369
647 919
695 940
-728 -671
-777 30
-52 -595
424 364
289 618
844 -773
702 151
-192 166
-268 -81
514 -399
-179 503
-363 -176
-507 617
-611 -273
-538 961
330 226
-273 -652
295 -528
-883 -253
306 -663
243 47
-863 -369
734 832
-703 -790
770 -967
266 201
609 -969
404 837
648 -400
705 848
152 825
-40 538
718 -301
-660 -721
-218 -706
-719 724
324 -295
703 905
326 651
192 395
466 190
752 -869
406 790
-168 833
128 -204
882 701
-722 -858
733 909
197 -787
210 417
-247 -573
798 -121
549 399
23 -473
511 -91
-67 -583
495 720
-805 478
-370 -941
-791 -694
-981 884
213 464
721 851
-815 -154
851 433
408 -608
-551 -882
509 -882
902 955
-835 -280
551 -25
442 23
169 196
21 875
-103 -856
-537 17
438 801
-449 60
267 556
-226 -907
302 967
-489 191
740 -30
-620 -950
-546 -853
-355 441
69 -892
143 -496
-613 -154
345 -413
-363 -961
912 588
-592 403
-744 805
-418 769
-316 496
-288 509
670 -455
-973 -838
163 -830
-687 -877
40 342
-399 359
59 -826
105 -780
90 962
-867 -746
458 -792
-396 735
-32 779
-578 -41
-94 -227
35 -298
914 656
-239 223
-245 16
-71 590
-170 -573
282 775
-836 -903
691 -742
751 -583
673 -545
-862 -197
223 34
-166 -353
476 -461
145 -624
-370 -976
425 359
947 681
274 868
-297 -934
-494 -905
-859 -458
-117 545
-802 -747
779 772
707 498
-99 -309
226 -412
-217 -742
-230 -175
-374 -849
-472 -688
636 412
147 -30
765 221
-560 141
594 390
750 615
-413 906
-724 -618
988 -131
-666 633
-27 848
-601 -235
538 -850
-357 322
287 -175
-112 953
-360 939
-325 -796
-613 -136
994 -841
329 -802
404 711
-750 -371
980 753
569 -640
-670 162
224 -601
-956 -860
-349 12
-322 -493
-338 695
-700 329
308 272
11 -337
658 677