199999
199996
199993
199992
199991
199864
199861
199860
199859
199828
199827
199820
199789
199788
199773
199772
199771
199764
199763
199756
199755
199754
199753
199752
199737
199736
199735
199732
199731
199668
199667
199666
199663
199660
199657
199642
199641
199640
199639
199636
199635
199632
199631
199630
199627
199624
199621
199620
199619
199618
199615
199614
199613
199610
199595
199592
199585
199584
199583
199568
199567
199566
199565
199558
199555
199554
199551
199536
199535
199534
199533
199532
199529
199498
199497
199482
199481
199478
199471
199440
199439
199436
199433
199426
199425
199418
199417
199414
199411
199410
199409
199406
199405
199404
199403
199372
199371
199308
199301
199300
199299
199298
199283
198805
198802
198799
198798
198797
198794
198791
198784
198721
198718
198717
198702
198701
198700
198697
198696
198695
198694
198691
198684
198681
198674
198643
198640
198637
198634
198633
198626
198619
198618
198615
198608
198607
198606
198605
198602
198601
198600
198599
198568
198565
198550
198487
198484
198483
198480
198417
198414
198413
198409
198408
198407
198400
198397
198396
198395
198394
198393
198393
198386
198385
198384
198377
198376
198375
198372
198371
198370
198369
198362
198361
198360
198345
198342
198341
198338
198335
198320
198313
198310
198309
198308
198305
198302
198301
198300
198297
198294
198291
198290
198283
198276
198275
198272
198271
198270
198269
198266
198265
198264
198261
198254
198253
198253
198252
198249
198248
198245
198244
198241
198240
198237
198234
198231
198230
198040
198039
198032
198001
197998
197995
197994
197993
197962
197947
197944
197943
197940
197939
197936
197933
197932
197925
197922
197919
197918
197917
197910
197909
197908
197907
197906
197899
197898
197897
197896
197895
197894
197891
197884
197881
197878
197876
197873
197872
197871
197870
197869
197868
197861
197860
197859
197858
197857
197826
197823
197822
197821
197814
197799
197798
197767
197766
197759
197756
197753
197750
197743
197740
197737
197736
197735
197734
197733
197726
197723
197722
197721
197718
197711
197710
197709
197709
197708
197705
197704
197689
197688
197687
197686
197685
197678
197677
181385
181384
181369
181369
181366
181365
181358
181355
181354
181347
181346
181339
181338
181337
181337
181330
181315
181308
181305
181302
181299
181298
181298
181297
181296
181295
181294
181294
181291
181290
181275
181274
181271
181270
181269
181262
181262
181261
181261
181260
181259
181259
181259
181258
181258
181257
181256
181256
181253
181253
181252
181251
181250
181249
181218
181217
181216
181215
181214
181213
181213
181212
181209
180956
180955
180954
180953
180953
180938
180457
180456
180441
180426
180425
180394
180387
180386
180385
180384
180129
180126
180123
180116
180113
180110
180109
180108
180107
180100
180099
180092
180091
180076
180076
180075
178050
178047
178047
178047
178046
178045
178045
178045
178044
178037
178036
178029
178028
178028
178027
178026
178026
178025
178024
178021
178021
178021
178018
178015
178012
178012
178005
178002
177995
177994
177987
177986
177986
177859
177856
177855
177840
177839
177824
177823
177822
177821
177820
177820
177819
177816
177813
177806
177806
177803
177802
177547
177546
177545
177544
177290
177289
177282
177267
177264
177264
177263
177262
177261
177260
177259
177258
177258
177257
177256
177256
177256
177249
177246
177239
177232
177231
177230
177229
177222
177222
177207
177080
177080
177017
177016
177016
177013
177013
176998
176997
176982
176975
176974
176973
176966
176965
176964
176949
176949
176948
176948
176947
176940
176939
176938
176935
176932
176931
176924
176923
176892
176861
176858
176855
176848
176841
176840
176777
176777
176774
176774
176773
176772
176772
176771
176768
176765
176762
176761
176754
176753
176752
176749
176748
176747
176747
176744
176744
176741
176741
176741
176710
176710
176709
176706
176703
176702
176671
176670
176663
176660
176659
176658
176655
176655
176655
176655
176654
176651
176644
176643
176636
176633
176630
176629
176628
176625
176610
176610
176609
176608
176607
176604
176601
176594
176593
176593
176590
176559
176558
176557
176557
176556
176556
176555
176554
176553
176553
176552
176521
176520
176457
176456
176455
176454
176453
176450
176449
176448
176445
176319
176319
176318
176317
176316
176316
176315
176284
176283
176280
176279
176278
176277
176262
176259
176252
176245
176242
176241
176114
176113
176106
176099
176092
176091
176028
176021
176020
176019
176018
176017
176017
176016
176015
176014
176011
176010
176009
176008
176008
176001
175998
175997
175990
175989
175989
175926
175925
175925
175924
175921
175920
175917
175917
175914
175911
175910
175909
175909
175908
175905
175898
175895
175894
175894
175893
175890
175890
175889
175888
175887
175872
175871
175864
175864
175863
175863
175862
175859
175859
175859
175856
175841
175840
175839
175776
175775
175774
175774
175773
175766
175703
175700
175700
175699
175698
175695
175694
175687
175686
175671
175664
175664
175657
175657
175654
175433
175430
175429
175429
175428
175428
175425
175422
175421
175420
175419
175418
175415
175414
175411
175410
175409
175408
175407
175393
175378
175378
175377
175376
175376
175375
175374
175371
175370
175370
175363
175362
175359
175328
175321
175314
175311
175310
175309
175305
175304
175273
175273
175270
175263
175256
175253
175253
175250
175249
175248
175245
175244
175213
175212
175211
175204
175203
175200
175200
175199
175196
175193
175192
175192
175185
175184
175181
175181
175178
175171
175168
175168
175167
175166
175165
175158
175158
175157
175156
175141
175138
175137
175123
175122
175121
175120
175113
175110
175095
175095
175094
175091
175090
175089
175088
175057
175054
175053
175052
175052
174989
174988
174988
174987
174980
174980
174977
174970
174969
174969
174968
174965
174964
174963
174962
174962
174959
174959
174944
174941
174934
174934
174934
174933
174933
174933
174932
174932
174929
174928
174925
174925
174922
174921
174920
174920
174919
174919
174904
174903
174903
174902
174902
174895
174892
174877
174862
174861
174858
174857
174854
174847
174844
174843
174840
174840
174833
174832
174831
174830
174830
174830
174827
174826
174825
174824
174821
174814
174799
174796
174789
174788
174773
174773
174772
174757
174754
174501
174500
174500
174499
174498
174467
174466
174465
174462
174462
174461
174454
174451
174437
174436
174436
174435
174428
174427
174420
174417
174416
174401
174401
174401
174398
174397
174396
174395
174394
174393
174386
174385
174384
174383
174380
174380
174380
174254
174254
174251
174250
174243
174212
174212
174211
174211
174208
174207
174204
174201
174201
174200
174200
174199
174184
174183
174182
174168
174167
174160
174159
174158
174143
174140
174140
174140
173887
173886
173879
173878
173877
173870
173869
173868
173865
173865
173864
173857
173854
173853
173852
173726
173723
173723
173723
173716
173713
173712
173712
173705
173704
173703
173700
173699
173698
173697
173696
173695
173692
173692
173691
173690
173690
173687
173686
173683
173680
173679
173619
173618
173617
173616
173613
