100
815598082 945523904
86156613 844676219
421081510 432547992
561623349 682988443
503074133 766877843
877338895 937222478
27545236 190016033
418863282 821002364
474808447 894405626
722179476 925898822
461287494 660849862
739308269 828474384
429866241 599055113
607235940 792951654
204446134 864966486
350569916 797274761
976074969 991285624
385154426 770490034
278614720 311749162
398661897 438989056
343616869 453782336
376500289 749628926
9014438 119286723
391280777 862545828
774933104 999911897
947172196 958166853
323714972 993002889
674012489 798805527
783000744 848668794
727554281 885159838
366907590 667926336
857825747 950322331
258874617 688433094
815965441 967985429
841069753 882050876
779820013 872861769
375628918 854149335
8490159 944757844
160664091 551085786
428537170 740051621
958880621 997849540
294956500 742516392
504835987 792667326
5925894 487102769
77980839 370140037
78315541 688217342
791762794 939189424
990731909 998818837
654018678 967086232
593675513 653457301
827888532 840460404
618277844 951442412
403871869 449204696
288816314 710853687
46401117 408781828
959794362 966167424
848393411 970885651
768387729 956016172
557399266 605681487
374723054 691223949
866936926 945391398
195821618 818348092
992546120 998189534
28721592 404210164
95494134 599194493
768412143 886276789
454105051 752394736
155885479 575572477
363181387 823248680
307191100 543462892
476767962 741678404
621425562 862406962
536837729 984463080
982291188 993173211
587426338 925955539
786724949 831528418
622084475 964629813
411013800 699896645
139575186 856572851
203832813 315317815
583991092 909128980
861514408 862233223
882391042 982843392
795634763 978087240
44878847 432842135
778098063 928960290
396116054 658226462
600528248 834643036
668183451 974374763
800995687 877305095
154344364 479075136
300314729 909903457
655231589 850593038
278973445 549067808
19547849 530591015
538167079 671672849
463595908 786876470
584134435 609473860
36522924 435187078
569769638 938054787