1000
441 1150
410 823
51 110
540 1026
405 1395
1242 1296
1073 1110
1113 1258
970 1006
324 960
849 945
1386 1410
223 663
723 1375
1134 1348
578 974
1187 1430
555 1021
740 1100
123 384
833 1192
452 1336
558 959
1072 1148
39 185
527 737
76 950
326 1287
409 638
815 1054
588 634
666 1026
854 1172
291 1029
368 905
799 960
192 736
637 797
1181 1397
682 1220
1053 1179
999 1365
854 1366
836 1291
939 995
1379 1407
1048 1436
191 508
355 1440
469 1158
1421 1439
522 1051
1139 1341
484 687
821 1328
1369 1382
943 961
262 311
1246 1411
985 1118
1160 1194
409 1218
1399 1409
748 1259
383 821
1173 1227
641 1269
723 1127
1335 1401
579 1232
40 974
1096 1229
1359 1378
8 848
134 873
868 910
1429 1439
1102 1133
1391 1420
774 1133
1238 1429
944 1401
168 336
554 1373
34 767
1259 1436
272 1036
346 952
941 1268
1369 1419
689 703
1079 1161
281 500
56 1260
1170 1179
961 1135
657 1423
771 903
212 977
356 1131
264 449
1091 1432
964 1377
103 967
699 899
891 1338
44 1396
867 1125
419 1424
139 608
792 1173
779 1411
796 943
1117 1227
905 1194
648 938
805 969
228 596
559 901
298 1005
1258 1274
64 943
1305 1349
140 876
715 927
416 610
1094 1195
134 318
26 52
1437 1440
1053 1167
1427 1440
700 788
1185 1333
387 855
656 1382
1337 1373
32 639
1077 1099
898 1229
226 1044
183 664
62 516
458 1391
405 1367
1275 1276
863 879
811 1322
1304 1423
736 1307
458 1025
582 1096
532 877
175 408
461 758
1020 1333
780 1303
374 824
741 1410
334 1320
747 1187
59 456
140 259
313 583
847 1053
1103 1125
909 1314
1026 1204
344 1392
284 485
124 949
88 868
803 1119
1265 1403
1270 1386
1213 1411
1434 1436
432 869
885 1070
1371 1415
937 1172
1417 1427
1115 1280
1335 1373
1398 1407
291 783
758 1350
731 1389
1164 1396
103 340
876 1372
1342 1345
35 1292
423 953
8 1096
89 1111
981 1264
1060 1293
667 1079
1275 1338
854 1102
264 961
1344 1404
1085 1379
1348 1431
1141 1184
739 1010
221 1119
1095 1377
1413 1418
367 515
90 1378
1183 1323
311 1103
1412 1437
110 382
311 332
9 1438
1431 1434
712 1226
668 1259
752 812
227 1165
828 869
1391 1432
226 1027
1170 1308
863 1336
1378 1436
128 1180
975 1082
806 1093
207 486
808 1186
137 292
804 809
1099 1270
826 1430
814 871
1336 1343
965 1213
1355 1360
870 905
246 290
1400 1425
1347 1417
320 1341
1110 1237
1184 1413
1395 1433
70 218
1438 1440
292 908
992 1099
786 1046
779 1160
1400 1418
836 1173
132 1035
742 827
1083 1196
945 1047
518 1355
1299 1371
1256 1334
549 663
1425 1437
1373 1433
532 789
1357 1429
32 1082
354 1115
265 353
972 1132
962 1370
445 1250
1339 1354
1369 1377
959 970
1173 1300
206 610
900 1440
658 1434
566 1204
1367 1405
75 775
1006 1104
340 575
1217 1399
82 256
469 672
1161 1340
741 1160
615 718
808 1290
375 904
53 101
746 1317
1214 1229
1076 1363
282 1188
1328 1422
526 1135
950 1207
1421 1424
766 1228
1250 1271
1270 1330
1054 1255
1287 1423
1187 1433
934 1085
293 750
411 602
651 976
769 907
942 1406
226 445
1224 1266
603 707
467 508
1281 1328
942 1038
765 858
639 977
1285 1419
506 1157
622 1150
432 880
959 1195
85 1414
439 481
1304 1437
361 475
1095 1133
340 602
1037 1043
119 1333
124 704
480 636
278 981
1138 1241
1222 1317
1062 1149
260 979
1026 1277
598 1367
647 766
520 904
1316 1437
248 1061
613 861
1428 1434
1043 1069
355 641
950 1119
1259 1411
1039 1331
354 1052
280 1045
980 1053
305 1070
387 906
16 243
749 1087
729 840
674 1037
1001 1281
784 805
455 1040
1234 1261
1069 1268
1218 1407
1163 1258
1334 1359
575 1126
803 1155
704 1348
209 1098
103 797
574 786
1343 1402
275 918
1091 1092
1288 1420
430 1075
686 1239
975 1231
528 1068
241 1157
54 571
415 421
1162 1364
1304 1438
1374 1386
428 1091
105 1296
1335 1404
111 1057
1392 1413
717 788
1423 1440
1038 1063
277 1282
639 1201
824 979
1257 1423
565 990
161 902
1105 1275
119 326
675 1350
360 1049
687 1252
578 1416
753 1085
236 912
548 676
1167 1335
464 908
1088 1334
1141 1280
1411 1426
1088 1386
1208 1324
471 880
399 1376
1289 1346
1408 1410
585 1181
43 274
556 1362
885 1105
723 993
426 625
1161 1184
16 531
173 1209
539 610
201 1062
1267 1369
933 1373
1247 1356
634 1029
221 427
1332 1347
1070 1428
1063 1221
667 784
859 1397
211 608
276 610
79 368
858 863
1359 1401
787 1206
309 617
1038 1349
724 749
582 651
660 1127
847 1295
173 432
869 1066
497 1052
111 1235
128 846
834 868
921 1421
163 1361
602 1165
671 1162
1331 1356
334 1393
1126 1312
18 143
8 757
1422 1440
1134 1273
1279 1283
527 632
1166 1299
272 1396
748 1062
149 623
503 510
45 1366
1050 1076
579 1009
445 608
955 1096
630 1079
209 1062
919 1355
758 925
187 477
1260 1328
1033 1423
1253 1311
119 432
744 1299
1136 1439
48 612
1111 1288
682 838
1172 1246
841 1352
969 1145
1115 1393
1071 1408
160 1106
1301 1318
44 689
688 1248
655 1423
1330 1331
937 1261
108 1280
1047 1384
845 1184
217 1188
1210 1359
89 1132
116 1362
188 1241
402 1319
1344 1438
437 1292
1272 1371
1092 1273
522 883
466 676
151 1383
703 1421
55 967
61 1223
1408 1425
661 938
1121 1266
1186 1372
49 121
1300 1424
1394 1439
1277 1425
208 1329
548 1227
1253 1293
994 1260
1369 1391
113 1437
1300 1438
1093 1427
58 1153
1354 1416
1103 1272
784 1213
455 787
1439 1440
1090 1178
321 1425
1269 1308
95 1083
698 1331
707 998
918 1390
19 1270
142 154
264 346
910 1155
743 875
180 819
685 919
430 1294
706 1106
666 771
890 1351
1348 1411
1327 1419
994 1419
645 736
260 1344
899 1408
1337 1380
679 730
810 1270
1009 1172
1038 1136
704 1155
751 1186
201 919
361 636
1255 1403
670 1357
1019 1420
1244 1277
959 1254
516 1322
1251 1331
843 923
883 1052
1062 1312
1328 1330
722 1068
1051 1122
1091 1159
1347 1388
1112 1177
1127 1430
1219 1318
306 367
1381 1396
75 1106
649 1176
264 361
1000 1430
573 1165
1290 1291
634 1421
810 910
845 1054
501 507
1082 1373
417 1188
222 290
1368 1420
1259 1390
359 1401
371 1201
365 921
1404 1424
1359 1399
493 1003
902 1304
172 179
41 412
315 1380
893 1331
578 873
297 782
600 1099
900 1217
415 424
1053 1194
121 180
1109 1387
1080 1176
848 1389
975 1224
1276 1323
1091 1351
1285 1290
874 1012
912 1228
1286 1328
1047 1218
747 1051
560 844
838 1037
1127 1310
220 970
493 932
1259 1329
1436 1440
304 1311
698 1263
848 912
39 1157
164 446
674 1206
747 1281
1333 1351
185 204
251 1358
639 711
547 940
1192 1288
114 194
126 991
1229 1376
18 1341
1001 1028
1389 1431
321 353
796 1020
92 845
684 865
876 1130
1344 1401
921 1299
668 1227
749 1400
1252 1365
132 1325
1118 1139
894 1345
735 861
1082 1335
579 698
442 475
1331 1425
413 610
1339 1404
312 411
1214 1325
484 797
1112 1190
495 1268
12 680
1001 1088
727 1099
664 1024
503 960
127 761
381 398
362 1037
603 774
522 1257
687 689
666 940
1008 1284
1041 1365
724 1412
1083 1191
216 611
507 755
1036 1196
275 599
830 1284
484 596
1332 1418
334 989
281 389
1383 1388
469 1135
905 1173
479 633
652 1425
1309 1320
1177 1430
476 1285
762 1281
366 552
1417 1426
158 800
748 1191
465 938
1253 1410
717 939
95 411
668 1271
1191 1256
239 1021
168 420
457 913
162 387
1073 1084
1256 1268
429 834
214 887
979 1313
812 1256
266 1319
998 1135
1011 1436
1171 1355
199 904
129 340
1263 1302
860 1430
691 1428
536 1227
742 1428
753 1129
1396 1399
541 1235
1122 1408
808 1187
1184 1374
728 831
380 613
59 665
76 1003
815 1311
641 1291
388 414
675 957
171 644
62 1336
849 891
950 1010
408 888
774 1424
763 1407
810 1075
1105 1216
750 879
122 887
913 1037
1333 1375
655 1033
1131 1346
482 546
914 1393
1042 1096
674 1178
877 1362
1246 1417
765 809
1097 1214
40 1062
1346 1408
393 444
379 1124
225 1003
1314 1331
212 1253
444 1397
406 786
987 1192
515 1098
1285 1397
902 1276
1125 1330
904 1089
325 1071
1077 1416
382 697
624 1085
1063 1326
360 499
1436 1440
1173 1287
781 1055
674 959
709 872
521 882
603 915
413 438
1191 1300
1166 1172
753 1036
551 776
870 926
507 1409
633 1205
520 1017
241 260
224 938
67 126
855 1221
244 983
148 1172
26 575
134 784
229 346
121 577
216 266
180 1314
428 1293
946 1425
532 1182
157 518
341 995
466 1383
1007 1403
144 391
858 1244
1069 1412
358 612
1325 1439
486 1365
426 1427
1133 1248
665 828
1329 1402
126 177
664 1370
547 1070
1226 1242
1410 1416
160 187
131 697
1139 1177
764 1036
377 394
844 1076
1266 1336
854 1294
1236 1359
885 1353
752 1361
2 580
1137 1306
32 901
875 1345
1420 1422
453 1081
1292 1356
966 1260
1028 1326
860 1412
1348 1358
970 1427
1310 1373
247 619
1234 1312
572 768
794 1295
1243 1351
1023 1393
1109 1329
1130 1182
452 956
400 1042
289 774
194 965
1061 1197
88 601
1185 1428
1294 1300
115 241
1301 1359
331 1024
658 718
977 1318
1274 1360
1232 1363
610 1396
191 831
304 530
193 1057
1381 1383
567 674
344 559
113 905
200 1209
1193 1370
1062 1287
99 546
1031 1348
1424 1426
1340 1350
1392 1401
1363 1437
523 1073
41 129
348 1125
32 104
1091 1268
337 1275
1294 1342
11 392
547 898
1367 1379
1106 1302
546 1204
318 719
676 738
1243 1290
471 764
792 1135
636 908
906 1077
213 962
52 671
1305 1409
766 865
785 1018
205 357
1280 1365
734 998
891 1094
945 1023
986 1232
404 531
611 1252
706 811
1327 1368
24 660
1050 1303
1100 1326
357 844
29 1434
937 1001
268 995
933 1025
813 1060
538 1065
1032 1269
976 1005
470 1172
16 280
303 749
950 1038
1401 1415
475 970
242 619
71 857
220 1021
93 1435
